20
4 right
0 0 2 4
0 0 4 8
0 2 16 32
0 2 2 16
4 up
0 0 2 4
0 0 4 8
0 2 16 32
0 0 4 16
4 up
0 0 0 0
0 0 0 0
0 0 0 0
0 0 0 0
4 down
2 2 2 2
2 2 2 2
2 2 2 2
2 2 2 2
4 left
2 2 2 2
2 2 2 2
2 2 2 2
2 2 2 2
4 right
2 2 2 2
2 2 2 2
2 2 2 2
2 2 2 2
4 up
2 2 2 2
2 2 2 2
2 2 2 2
2 2 2 2
4 left
2 2 4 4
2 2 4 4
2 2 4 4
2 2 4 4
4 down
1024 1024 1024 1024
1024 1024 1024 1024
1024 1024 1024 1024
1024 1024 1024 1024
4 left
1024 1024 1024 1024
1024 1024 1024 1024
1024 1024 1024 1024
1024 1024 1024 1024
4 right
1024 1024 1024 1024
1024 1024 1024 1024
1024 1024 1024 1024
1024 1024 1024 1024
4 up
1024 1024 1024 1024
1024 1024 1024 1024
1024 1024 1024 1024
1024 1024 1024 1024
4 right
0 4 0 0
4 2 0 0
0 0 0 256
2 0 0 4
4 left
0 0 64 0
1024 0 0 256
0 0 2 16
4 512 0 256
4 down
0 0 4 0
0 0 0 0
4 0 0 0
0 0 0 0
4 left
0 4 0 0
0 0 128 256
0 0 0 4
0 0 0 4
4 left
2 4 2 1024
0 0 4 0
256 8 32 64
256 0 4 4
4 up
2 0 8 4
64 4 4 64
256 2 2 8
2 2 0 4
4 left
2 2 2 0
2 2 4 0
0 4 2 4
4 2 0 2
4 up
2 0 1024 2
4 2 0 2
4 0 4 16
2 2 64 2
