20
4 right
0 0 2 4
0 0 4 8
0 2 16 32
0 2 2 16
4 up
0 0 2 4
0 0 4 8
0 2 16 32
0 0 4 16
4 up
0 0 0 0
0 0 0 0
0 0 0 0
0 0 0 0
4 down
2 2 2 2
2 2 2 2
2 2 2 2
2 2 2 2
4 left
2 2 2 2
2 2 2 2
2 2 2 2
2 2 2 2
4 right
2 2 2 2
2 2 2 2
2 2 2 2
2 2 2 2
4 up
2 2 2 2
2 2 2 2
2 2 2 2
2 2 2 2
4 left
2 2 4 4
2 2 4 4
2 2 4 4
2 2 4 4
4 down
1024 1024 1024 1024
1024 1024 1024 1024
1024 1024 1024 1024
1024 1024 1024 1024
4 left
1024 1024 1024 1024
1024 1024 1024 1024
1024 1024 1024 1024
1024 1024 1024 1024
4 right
1024 1024 1024 1024
1024 1024 1024 1024
1024 1024 1024 1024
1024 1024 1024 1024
4 up
1024 1024 1024 1024
1024 1024 1024 1024
1024 1024 1024 1024
1024 1024 1024 1024
4 up
0 32 0 0
256 0 0 8
0 4 0 0
0 4 4 0
4 left
2 2 128 0
256 512 0 0
0 0 0 0
0 0 0 0
4 right
4 0 0 0
0 0 0 0
0 0 0 0
0 2 512 0
4 up
0 0 0 0
256 4 0 0
1024 0 0 4
0 0 0 0
4 down
8 0 4 2
2 4 0 512
0 2 4 2
4 4 32 4
4 down
2 128 128 8
4 2 4 128
2 4 0 1024
128 2 4 2
4 up
2 2 4 4
4 2 8 0
1024 4 4 32
0 0 512 4
4 up
0 0 2 0
32 4 4 2
256 4 2 0
2 0 256 4
