100
0 0 0 0 0 0 1 0 0 0
443556
0 1 1 1 0 0 1 1 1 1
898288
0 0 0 0 0 0 0 1 0 0
49
1 1 1 1 0 0 1 0 1 1
20612
0 0 1 1 1 0 0 0 0 0
4
1 1 0 1 1 0 0 1 1 0
87334
0 0 1 1 0 0 0 1 0 0
54056
1 0 0 0 0 0 0 1 0 0
490000
0 1 0 1 0 0 0 1 0 1
111397
0 1 0 0 0 0 0 0 1 0
88818
1 0 0 1 1 1 1 1 0 1
614613
0 0 0 0 1 0 0 0 0 0
711104
0 0 1 0 0 0 0 0 1 0
8822
0 0 1 0 1 1 0 0 0 0
44
1 0 1 0 0 1 0 0 0 0
2
0 0 0 0 0 0 1 0 0 0
66
0 1 0 0 0 0 1 1 0 0
766
0 1 0 0 0 0 1 0 1 0
1328
1 0 0 0 0 1 1 1 1 0
57600
0 0 0 1 0 1 0 0 0 0
45
0 0 1 0 0 0 1 1 0 0
667262
0 0 0 0 0 0 0 1 0 0
381073
1 1 0 0 0 0 0 0 1 1
99911
0 1 0 0 0 0 1 1 1 1
217747
1 0 0 1 0 0 1 1 0 0
363007
1 0 1 1 0 0 1 0 0 0
62663
0 0 1 0 1 0 0 0 0 1
9
1 0 1 1 0 1 1 1 0 1
679652
1 0 0 1 1 1 0 0 0 1
599999
0 0 1 0 0 0 0 0 1 0
22282
0 1 0 1 0 1 0 0 0 0
45
0 0 0 0 0 1 0 1 0 0
555
0 1 0 0 1 0 0 0 0 1
414
0 0 0 0 0 0 0 1 0 0
598829
0 1 0 0 0 0 0 1 1 0
1
0 0 1 0 0 0 1 0 1 0
6
1 0 0 0 0 0 0 1 0 1
7
0 1 1 1 0 1 0 1 1 0
2271
1 0 0 1 0 0 0 0 0 0
30
0 0 0 0 0 0 0 0 0 1
98901
1 0 0 0 1 1 0 0 1 1
561587
0 1 1 1 1 0 1 1 1 1
379314
0 0 0 0 0 1 0 0 1 1
99559
0 0 0 0 0 1 0 0 0 1
592025
0 1 0 0 0 1 1 0 0 0
16515
1 1 0 0 1 1 0 1 1 0
1352
1 0 0 1 0 1 1 0 1 1
330197
0 1 0 1 0 0 0 0 0 0
964503
0 1 1 0 0 0 1 0 1 0
266128
0 0 1 0 0 0 1 1 1 0
622
0 0 1 0 0 0 1 0 0 0
413044
0 1 1 1 0 0 1 1 0 1
299732
0 0 0 1 0 1 0 0 0 0
19425
1 0 1 0 0 0 1 1 0 1
909792
0 0 0 0 0 0 0 1 0 0
26411
0 0 0 1 0 0 0 0 0 0
809919
1 0 0 0 1 0 0 1 0 0
77400
0 0 1 0 0 0 0 0 0 0
9768
0 0 0 0 0 1 0 0 0 0
6875
0 0 0 1 1 0 0 0 1 1
933949
0 0 0 0 1 0 0 0 0 0
340736
0 0 0 0 1 1 1 1 0 0
5
0 0 0 1 0 1 1 1 1 0
637538
0 0 0 0 0 0 1 0 0 0
3996
0 1 0 0 0 0 0 0 0 0
12321
0 1 0 1 0 1 0 1 0 0
35117
0 1 0 0 1 0 0 1 1 0
8
1 0 1 1 0 1 0 0 0 0
706165
0 0 0 1 0 0 0 0 0 0
99999
1 1 0 1 1 1 0 0 0 0
303103
0 0 1 1 0 1 1 0 1 0
66882
0 1 0 0 0 0 1 0 0 0
71126
0 0 0 1 0 1 0 0 0 1
3
0 1 0 0 0 0 0 0 0 0
135531
0 0 1 0 0 0 0 0 0 0
247808
0 0 0 1 0 0 0 0 0 0
332667
1 1 0 0 0 1 1 0 0 1
1000000
0 0 0 1 0 1 1 0 1 0
385
0 0 0 0 0 0 0 1 1 0
8888
0 0 0 0 0 0 0 1 1 1
89987
0 0 0 0 0 0 1 0 1 0
86886
0 0 1 0 1 0 0 0 0 1
94422
0 1 0 0 0 0 0 0 0 0
1221
1 1 1 0 0 0 0 0 1 1
222911
0 1 1 1 1 1 1 1 1 1
533186
0 0 1 1 0 0 1 1 1 0
469819
0 1 0 0 0 0 0 0 1 0
709125
1 1 1 1 1 1 0 1 1 0
177340
0 0 0 1 0 0 0 0 1 1
882250
1 0 1 1 0 1 0 1 1 0
225
1 0 0 0 0 1 0 1 0 1
7099
1 1 0 0 0 0 0 0 0 0
10100
0 0 0 0 0 0 0 0 0 1
8019
0 0 0 0 0 0 0 0 1 0
650918
0 0 0 1 0 0 0 0 0 0
2673
0 1 1 1 1 1 1 0 0 0
551246
0 1 0 0 1 0 0 0 0 0
6336
0 0 0 0 0 1 1 0 0 1
95966
0 0 0 0 0 0 1 0 0 1
699696
0 1 0 0 1 0 0 0 1 0
48141
