100
0 0 1 0 0 0 1 0 0 0
62
0 0 1 1 0 0 1 0 1 0
6
1 1 1 0 1 0 0 0 0 1
12
1 0 0 0 1 0 1 0 1 0
48
0 0 0 1 1 1 1 1 1 0
75
0 0 0 0 0 0 0 0 1 0
64
0 0 0 0 0 0 0 0 1 0
64
1 1 0 0 0 1 0 0 1 0
11
0 1 0 0 0 0 1 0 0 0
16
0 1 1 1 0 0 1 1 1 0
68
0 0 1 0 0 0 0 0 0 0
16
1 1 0 0 0 0 1 0 0 1
100
1 0 0 0 0 0 0 1 1 0
70
1 1 0 0 0 1 1 0 0 0
59
1 0 1 0 1 1 0 1 0 0
75
0 0 0 0 0 0 1 0 1 0
48
0 0 0 0 0 0 1 0 0 0
6
0 0 0 0 0 1 0 0 0 0
25
0 1 0 0 0 0 0 0 0 0
11
1 1 1 1 1 1 1 0 1 0
16
0 0 1 1 1 0 1 0 1 0
68
1 0 1 0 1 0 0 1 0 0
7
0 0 0 0 0 0 0 0 0 1
99
0 0 1 1 0 1 0 0 0 0
60
0 0 0 0 0 1 0 0 1 0
8
1 0 1 0 1 0 0 0 0 0
88
0 0 0 0 1 1 0 0 0 0
54
0 1 0 1 0 1 0 0 0 0
45
0 1 0 0 0 1 1 0 0 0
61
1 0 1 0 0 0 0 0 1 0
82
0 0 0 1 1 0 0 0 0 0
44
0 1 0 1 1 0 0 0 0 1
99
0 0 0 0 0 0 0 0 0 1
99
1 1 0 1 1 1 1 1 1 1
100
1 0 0 0 0 0 0 1 0 0
7
0 0 0 1 0 0 0 0 0 0
33
1 1 1 0 0 0 1 1 1 1
88
0 0 0 0 0 1 0 0 0 0
55
0 1 0 1 0 0 0 0 0 1
57
0 0 0 0 0 0 0 0 1 0
64
1 1 1 1 0 1 1 1 0 0
67
0 0 1 0 1 0 1 0 1 1
92
1 0 1 0 0 0 0 1 0 1
44
0 1 0 0 0 0 1 0 0 1
91
1 1 1 0 0 1 0 0 1 0
34
0 0 0 0 1 0 1 0 0 0
66
0 0 0 0 0 0 0 1 1 0
77
1 1 1 0 0 0 0 0 1 0
18
0 0 0 0 0 1 0 0 0 0
55
1 1 0 0 0 0 0 0 1 1
10
1 1 0 0 0 0 0 0 0 0
10
0 1 0 1 0 0 0 0 0 0
1
0 1 1 0 1 0 1 1 0 1
35
0 1 0 0 1 1 0 0 0 1
55
0 0 0 0 0 1 0 0 0 0
5
0 1 1 0 1 1 0 1 0 0
84
0 1 0 0 0 0 1 0 0 1
61
0 0 0 0 0 0 1 0 0 1
66
0 0 1 0 0 1 0 0 0 0
55
0 0 1 1 1 1 1 0 0 1
54
0 0 0 1 0 0 0 0 0 0
99
1 1 1 0 0 0 1 1 1 0
17
0 0 0 0 1 0 0 0 0 0
4
0 0 0 1 0 0 0 0 0 0
33
1 0 0 0 0 0 0 0 1 0
19
1 1 1 1 0 1 1 0 1 1
25
0 0 0 0 0 1 0 0 0 0
25
0 0 0 0 0 1 0 0 0 1
5
0 0 0 0 0 0 1 1 1 0
85
1 1 1 1 1 0 0 0 1 1
22
1 0 0 1 0 1 0 1 0 0
5
1 1 1 1 0 0 0 0 0 1
33
0 1 1 0 0 0 0 0 0 1
21
0 0 0 1 0 0 0 0 0 0
49
0 0 0 1 0 0 0 0 0 0
99
0 0 0 0 0 0 0 1 0 1
7
1 1 0 0 0 1 0 0 0 1
5
0 1 1 0 0 0 0 0 0 0
44
0 1 0 1 0 0 0 0 1 0
13
1 0 1 0 1 1 1 1 0 0
88
1 0 0 1 1 0 0 0 0 1
4
0 1 1 1 0 0 1 0 0 1
91
0 0 0 0 0 0 1 1 0 0
7
0 0 0 1 1 0 0 0 1 1
99
0 0 1 1 0 0 0 0 0 1
9
0 0 0 0 0 0 1 1 1 0
6
0 0 0 0 1 0 0 0 1 1
41
0 0 0 0 0 0 1 0 0 0
66
0 0 1 0 0 1 0 1 0 1
93
1 0 1 0 1 0 0 0 1 1
41
0 1 0 1 1 0 1 0 0 0
14
0 0 0 0 0 0 0 0 1 0
64
0 0 0 1 0 1 1 0 0 0
3
1 0 0 1 1 1 1 1 1 0
39
1 0 0 1 0 0 0 1 0 0
7
1 0 1 0 1 0 0 0 0 0
2
0 0 0 0 0 1 0 0 1 0
88
0 1 0 0 1 0 0 0 0 1
41
1 0 0 1 0 0 0 0 1 0
8
0 0 0 0 0 0 1 0 0 0
6
