100
0 0 0 0 1 0 0 0 0 0
44
0 1 0 0 0 0 0 0 0 0
11
0 1 0 0 0 0 1 1 0 0
76
0 0 0 1 0 0 1 0 0 0
63
0 1 0 1 0 1 1 1 0 1
94
0 1 0 0 0 1 0 0 1 0
8
1 0 0 0 1 1 0 1 1 0
7
0 1 0 0 1 0 0 0 0 1
9
1 0 0 0 1 1 0 1 1 0
59
0 0 0 1 1 0 0 0 1 0
3
0 0 0 0 0 0 0 0 1 0
64
0 1 0 0 0 0 0 0 1 0
88
1 1 0 1 0 1 1 1 0 0
73
0 0 0 0 0 0 1 0 1 0
66
0 0 0 0 0 0 0 1 0 0
77
1 1 0 0 1 0 1 0 1 1
60
0 1 1 0 0 1 0 0 0 1
2
1 1 0 0 0 0 1 0 0 0
10
0 0 0 0 1 0 0 0 0 0
16
0 0 0 1 0 0 1 0 1 0
12
0 0 0 0 0 0 0 0 1 0
88
0 0 0 0 0 1 0 0 0 1
45
0 0 0 1 0 0 1 0 0 0
63
1 1 1 0 1 1 0 1 0 0
5
0 0 0 0 1 0 0 0 0 0
64
0 0 0 1 0 1 0 1 0 0
73
0 1 0 1 1 0 1 0 0 0
6
1 0 0 1 0 0 0 1 0 1
1
0 1 1 1 1 1 0 1 1 0
51
0 0 0 0 1 0 0 0 0 0
4
0 0 0 0 0 1 0 0 0 1
55
0 1 0 1 0 1 0 0 0 0
45
0 0 0 0 1 0 1 1 1 0
6
0 1 0 0 0 0 0 0 0 0
11
0 0 0 0 1 0 1 1 1 1
44
0 1 1 0 0 0 1 1 0 0
12
0 0 0 0 0 0 0 0 0 1
81
0 0 0 1 1 0 0 0 1 0
52
1 0 0 0 0 0 0 0 0 1
9
0 0 1 1 1 0 1 1 0 0
32
1 1 1 1 0 1 0 1 1 1
79
0 0 1 1 0 0 0 1 0 0
32
1 1 1 0 0 0 0 0 1 0
21
0 0 0 0 1 0 0 0 0 0
64
0 0 0 0 1 0 0 0 1 0
8
0 0 1 0 0 1 0 0 1 0
5
0 0 0 1 0 0 1 0 1 1
3
0 0 0 0 0 0 0 0 0 1
9
0 0 0 0 0 0 0 1 0 1
99
1 1 1 1 1 1 1 1 0 0
51
0 1 0 0 0 0 0 0 0 0
11
0 0 1 0 0 0 0 0 0 0
44
0 1 1 0 0 0 1 1 0 0
22
0 0 1 0 0 0 1 0 0 1
92
0 1 1 0 0 0 1 0 1 0
6
0 0 1 0 0 0 0 0 1 0
28
0 1 1 0 0 0 1 0 0 1
1
0 0 1 0 0 1 0 1 1 1
7
0 1 1 0 0 0 1 1 0 0
27
1 1 0 1 0 0 0 0 0 0
19
1 0 0 0 1 0 1 1 0 1
49
0 0 1 0 1 0 0 0 0 0
42
0 0 1 1 1 0 0 1 1 1
98
0 0 1 0 0 0 0 0 0 1
29
1 0 0 1 1 1 0 0 0 1
53
0 0 0 0 0 1 0 0 0 0
25
0 0 0 0 0 1 0 0 0 0
25
0 0 0 1 0 0 1 1 0 0
95
0 1 0 0 0 0 1 0 0 1
36
0 1 0 1 0 0 0 0 0 1
13
0 0 0 0 0 0 1 0 0 0
36
0 1 1 1 1 1 1 1 1 1
7
1 1 0 1 0 0 0 1 1 1
37
0 0 0 0 0 0 0 0 1 0
64
1 0 0 1 0 0 1 0 0 1
6
1 0 1 0 1 0 0 0 0 0
4
1 1 0 0 1 1 0 0 0 1
100
0 1 1 0 1 0 0 0 1 1
15
0 0 0 1 1 0 0 0 0 1
3
0 0 0 0 1 0 1 0 1 0
6
0 0 0 0 0 0 0 1 0 0
49
0 0 0 1 1 0 0 1 0 1
7
0 0 1 0 1 0 0 0 0 0
42
0 0 0 0 0 1 0 1 1 0
5
0 0 1 0 0 0 0 1 0 0
72
1 0 0 1 0 0 1 0 0 1
8
1 0 0 0 0 1 0 1 0 0
77
0 0 1 1 0 1 1 1 1 1
36
0 0 1 1 1 1 0 1 1 0
59
0 0 1 0 1 1 0 1 1 0
28
0 0 0 0 0 0 0 1 0 1
77
0 0 0 1 0 0 0 1 1 0
77
0 0 1 0 0 0 0 0 0 0
22
1 0 1 0 1 1 1 1 0 1
79
0 0 0 1 0 1 1 1 0 0
75
0 1 0 0 0 0 0 0 1 0
8
0 1 0 0 1 0 1 0 0 1
9
0 0 0 0 0 1 0 0 0 0
55
0 0 0 0 0 0 1 1 1 0
88
0 0 0 1 0 0 1 0 0 0
66
