97
8 507
7 50
10 2706
7 284
9 4766
9 64669
5 6506
5 28
6 52
7 380
9 2546
5 6
8 40631
4 7327
10 15053
9 2716
4 23411
3 6
4 23700
3 1
4 1
10 22028
10 54315
10 17169
7 43
7 355
10 19015
7 76
10 1885
5 3
4 1404
4 6
7 372
6 5960
2 1
9 2456
8 398
9 3686
5 20
3 3
7 5416
10 47823
4 3
10 9822
4 4
7 54550
6 54121
6 106
7 17
3 4
8 944
7 366
7 22463
6 2255
5 4775
7 227
8 74375
8 2775
4 14
4 13
8 2571
4 1
9 2923
5 27
4 12
7 236
9 10964
5 17
7 2595
9 9533
5 20546
7 57
10 18537
4 2
5 58059
1 2
2 3
4 2
3 2
2 2
7 141
10 100000
5 7
4 11
8 759
6 122
10 2911
3 5
4 12
7 32
5 34
9 5031
7 394
8 165
1 1
10 11242
7 249
